iter	grad_loss
0	79.643272
10	1.246072
20	0.254637
30	0.080654
40	0.030947
50	0.012953
60	0.006483
70	0.004009
80	0.003008
90	0.002517
100	0.002292
110	0.002167
120	0.002103
130	0.002073
140	0.002056
150	0.002047
160	0.002043
170	0.002041
180	0.002040
190	0.002040
200	0.002039
210	0.002039
220	0.002039
230	0.002039
240	0.002039
250	0.002038
260	0.002038
270	0.002038
280	0.002038
290	0.002038
300	0.002038
310	0.002038
320	0.002038
330	0.002038
340	0.002038
350	0.002038
360	0.002038
370	0.002038
380	0.002038
390	0.002038
